zacatek: 1524144147.740878464
32423423534329089839025729324532546667563756737357777777: 3 3 181 922357 696887497 2715493309 1778881842823 6410327601888571
konec: 1524144148.017228252
