zacatek: 1524144035.428032077
324234235435329089839025729324532546667563756737357777777: 11 59 1594261363 15607856847673 20077580620047505039963186684427
konec: 1524144036.363340000
